T_PLU_Trans_No	T_PLU_Trans_Size	T_PLU_Trans_PLUNo	T_PLU_Trans_UP	T_PLU_Trans_WT	T_PLU_Trans_QTY	T_PLU_Trans_TP	T_PLU_Trans_Date	T_PLU_Trans_Time	Traceability_Code	T_PLU_Trans_Reserve	Scale_No	Before_Price	After_Price	Item_Code	Item_Name
9479	106	2	18500.	540.	1	9990.	090814	1456	0000000000	0000000000	52	18500.	18500.	28000020000001	080E534F4C4F4D4F205245444F4E444F00000000000000000000000000000000000000000000000000000000000000000000
9480	106	71	12200.	515.	1	6283.	090814	1525	0000000000	0000000000	52	12200.	12200.	28000710000001	080F504945524E4120444520434552444F000000000000000000000000000000000000000000000000000000000000000000
9481	106	2	18500.	1535.	1	28398.	090814	1544	0000000000	0000000000	52	18500.	18500.	28000020000001	080E534F4C4F4D4F205245444F4E444F00000000000000000000000000000000000000000000000000000000000000000000
9482	106	2	18500.	2030.	1	37555.	090814	1545	0000000000	0000000000	52	18500.	18500.	28000020000001	080E534F4C4F4D4F205245444F4E444F00000000000000000000000000000000000000000000000000000000000000000000
9483	106	2	18500.	2030.	1	37555.	090814	1545	0000000000	0000000000	52	18500.	18500.	28000020000001	080E534F4C4F4D4F205245444F4E444F00000000000000000000000000000000000000000000000000000000000000000000
9484	106	86	5400.	1885.	1	10179.	090814	1626	0000000000	0000000000	52	5400.	5400.	28000860000001	070E5045524E494C205155414C49545900000000000000000000000000000000000000000000000000000000000000000000
9485	106	89	6500.	1885.	1	12253.	090814	1626	0000000000	0000000000	52	6500.	6500.	28000890000001	070C414C4153205155414C495459000000000000000000000000000000000000000000000000000000000000000000000000
9486	106	71	12200.	760.	1	9272.	090814	1636	0000000000	0000000000	52	12200.	12200.	28000710000001	080F504945524E4120444520434552444F000000000000000000000000000000000000000000000000000000000000000000
9487	106	7	13900.	2145.	1	29816.	090814	1636	0000000000	0000000000	52	13900.	13900.	28000070000001	080F485545564F20444520414C44414E41000000000000000000000000000000000000000000000000000000000000000000
9488	106	79	6200.	965.	1	5983.	090814	1637	0000000000	0000000000	52	6200.	6200.	28000790000001	080E50455A554E41204341524E55444100000000000000000000000000000000000000000000000000000000000000000000
9489	106	74	10700.	1075.	1	11503.	090814	1650	0000000000	0000000000	52	10700.	10700.	28000740000001	080C544F43494E4F204341524E45000000000000000000000000000000000000000000000000000000000000000000000000
9490	106	2	18500.	515.	1	9528.	090814	1702	0000000000	0000000000	52	18500.	18500.	28000020000001	080E534F4C4F4D4F205245444F4E444F00000000000000000000000000000000000000000000000000000000000000000000
9491	106	71	12200.	485.	1	5917.	090814	1707	0000000000	0000000000	52	12200.	12200.	28000710000001	080F504945524E4120444520434552444F000000000000000000000000000000000000000000000000000000000000000000
9492	106	71	12200.	485.	1	5917.	090814	1707	0000000000	0000000000	52	12200.	12200.	28000710000001	080F504945524E4120444520434552444F000000000000000000000000000000000000000000000000000000000000000000
9493	106	74	10700.	540.	1	5778.	090814	1708	0000000000	0000000000	52	10700.	10700.	28000740000001	080C544F43494E4F204341524E45000000000000000000000000000000000000000000000000000000000000000000000000
9494	106	4	13900.	525.	1	7298.	090814	1718	0000000000	0000000000	52	13900.	13900.	28000040000001	08055441424C4100000000000000000000000000000000000000000000000000000000000000000000000000000000000000
9495	106	4	13900.	525.	1	7298.	090814	1718	0000000000	0000000000	52	13900.	13900.	28000040000001	08055441424C4100000000000000000000000000000000000000000000000000000000000000000000000000000000000000
9496	106	4	13900.	525.	1	7298.	090814	1718	0000000000	0000000000	52	13900.	13900.	28000040000001	08055441424C4100000000000000000000000000000000000000000000000000000000000000000000000000000000000000
9497	106	4	13900.	170.	1	2363.	090814	1719	0000000000	0000000000	52	13900.	13900.	28000040000001	08055441424C4100000000000000000000000000000000000000000000000000000000000000000000000000000000000000
9498	106	71	12200.	525.	1	6405.	090814	1726	0000000000	0000000000	52	12200.	12200.	28000710000001	080F504945524E4120444520434552444F000000000000000000000000000000000000000000000000000000000000000000
9499	106	71	12200.	525.	1	6405.	090814	1726	0000000000	0000000000	52	12200.	12200.	28000710000001	080F504945524E4120444520434552444F000000000000000000000000000000000000000000000000000000000000000000
9500	106	7	13900.	505.	1	7020.	090814	1747	0000000000	0000000000	52	13900.	13900.	28000070000001	080F485545564F20444520414C44414E41000000000000000000000000000000000000000000000000000000000000000000
9501	106	7	13900.	505.	1	7020.	090814	1747	0000000000	0000000000	52	13900.	13900.	28000070000001	080F485545564F20444520414C44414E41000000000000000000000000000000000000000000000000000000000000000000
9502	106	23	6800.	1115.	1	7582.	090814	1748	0000000000	0000000000	52	6800.	6800.	28000230000001	08095452455354454C4153000000000000000000000000000000000000000000000000000000000000000000000000000000
9503	106	72	11200.	995.	1	11144.	090814	1749	0000000000	0000000000	52	11200.	11200.	28000720000001	0810504945524E412045434F4E4F4D4943410000000000000000000000000000000000000000000000000000000000000000
9504	106	23	6800.	1020.	1	6936.	090814	1754	0000000000	0000000000	52	6800.	6800.	28000230000001	08095452455354454C4153000000000000000000000000000000000000000000000000000000000000000000000000000000
9505	106	18	10200.	1080.	1	11016.	090814	1831	0000000000	0000000000	52	10200.	10200.	28000180000001	0813534F42524542415252494741204752554553410000000000000000000000000000000000000000000000000000000000
9506	106	73	12700.	2720.	1	34544.	090814	1836	0000000000	0000000000	52	12700.	12700.	28000730000001	0811434F5354494C4C4120444520434552444F00000000000000000000000000000000000000000000000000000000000000
9507	106	74	10700.	2030.	1	21721.	090814	1838	0000000000	0000000000	52	10700.	10700.	28000740000001	080C544F43494E4F204341524E45000000000000000000000000000000000000000000000000000000000000000000000000
9508	106	26	12500.	1470.	1	18375.	090814	1845	0000000000	0000000000	52	12500.	12500.	28000260000001	081050554E544120455350414C44494C4C410000000000000000000000000000000000000000000000000000000000000000
9509	106	5	13900.	2285.	1	31762.	090814	1846	0000000000	0000000000	52	13900.	13900.	28000050000001	0805504F53544100000000000000000000000000000000000000000000000000000000000000000000000000000000000000
9510	106	3	20100.	1675.	1	33668.	090814	1853	0000000000	0000000000	52	20100.	20100.	28000030000001	080D50554E544120444520414E43410000000000000000000000000000000000000000000000000000000000000000000000
9511	106	3	20100.	1675.	1	33668.	090814	1853	0000000000	0000000000	52	20100.	20100.	28000030000001	080D50554E544120444520414E43410000000000000000000000000000000000000000000000000000000000000000000000
9512	106	74	10700.	1475.	1	15783.	090814	1859	0000000000	0000000000	52	10700.	10700.	28000740000001	080C544F43494E4F204341524E45000000000000000000000000000000000000000000000000000000000000000000000000
9513	106	73	12700.	970.	1	12319.	090814	1900	0000000000	0000000000	52	12700.	12700.	28000730000001	0811434F5354494C4C4120444520434552444F00000000000000000000000000000000000000000000000000000000000000
9514	106	2	18500.	1515.	1	28028.	090814	1905	0000000000	0000000000	52	18500.	18500.	28000020000001	080E534F4C4F4D4F205245444F4E444F00000000000000000000000000000000000000000000000000000000000000000000
9515	106	7	13900.	970.	1	13483.	090814	1912	0000000000	0000000000	52	13900.	13900.	28000070000001	080F485545564F20444520414C44414E41000000000000000000000000000000000000000000000000000000000000000000
9516	106	4	13900.	1035.	1	14387.	090814	1914	0000000000	0000000000	52	13900.	13900.	28000040000001	08055441424C4100000000000000000000000000000000000000000000000000000000000000000000000000000000000000
9517	106	87	8800.	870.	1	7656.	090814	1915	0000000000	0000000000	52	8800.	8800.	28000870000001	070F50454348554741205155414C495459000000000000000000000000000000000000000000000000000000000000000000
9518	106	26	12500.	595.	1	7438.	090814	1932	0000000000	0000000000	52	12500.	12500.	28000260000001	081050554E544120455350414C44494C4C410000000000000000000000000000000000000000000000000000000000000000
9519	106	71	12200.	505.	1	6161.	090814	1935	0000000000	0000000000	52	12200.	12200.	28000710000001	080F504945524E4120444520434552444F000000000000000000000000000000000000000000000000000000000000000000
9520	106	8	13900.	985.	1	13692.	090814	1944	0000000000	0000000000	52	13900.	13900.	28000080000001	0811534F4C4F4D4F2045585452414E4A45524F00000000000000000000000000000000000000000000000000000000000000
9521	106	8	13900.	500.	1	6950.	090814	1945	0000000000	0000000000	52	13900.	13900.	28000080000001	0811534F4C4F4D4F2045585452414E4A45524F00000000000000000000000000000000000000000000000000000000000000
9522	106	71	12200.	545.	1	6649.	090814	1947	0000000000	0000000000	52	12200.	12200.	28000710000001	080F504945524E4120444520434552444F000000000000000000000000000000000000000000000000000000000000000000
9523	106	71	12200.	545.	1	6649.	090814	1948	0000000000	0000000000	52	12200.	12200.	28000710000001	080F504945524E4120444520434552444F000000000000000000000000000000000000000000000000000000000000000000
9524	106	28	8700.	650.	1	5655.	090814	1949	0000000000	0000000000	52	8700.	8700.	28000280000001	0806434F50455445000000000000000000000000000000000000000000000000000000000000000000000000000000000000
9525	106	86	5400.	1210.	1	6534.	090814	1959	0000000000	0000000000	52	5400.	5400.	28000860000001	070E5045524E494C205155414C49545900000000000000000000000000000000000000000000000000000000000000000000
9526	106	15	10100.	500.	1	5050.	090814	2000	0000000000	0000000000	52	10100.	10100.	28000150000001	08084D4F5252494C4C4F00000000000000000000000000000000000000000000000000000000000000000000000000000000
9527	106	71	12200.	500.	1	6100.	090814	2002	0000000000	0000000000	52	12200.	12200.	28000710000001	080F504945524E4120444520434552444F000000000000000000000000000000000000000000000000000000000000000000
9528	106	71	12200.	2920.	1	35624.	090814	2003	0000000000	0000000000	52	12200.	12200.	28000710000001	080F504945524E4120444520434552444F000000000000000000000000000000000000000000000000000000000000000000
9529	106	70	14700.	515.	1	7571.	090814	2010	0000000000	0000000000	52	14700.	14700.	28000700000001	08054341D14F4E00000000000000000000000000000000000000000000000000000000000000000000000000000000000000
9530	106	15	10100.	2045.	1	20655.	090814	2018	0000000000	0000000000	52	10100.	10100.	28000150000001	08084D4F5252494C4C4F00000000000000000000000000000000000000000000000000000000000000000000000000000000
9531	106	79	6200.	2750.	1	17050.	090814	2020	0000000000	0000000000	52	6200.	6200.	28000790000001	080E50455A554E41204341524E55444100000000000000000000000000000000000000000000000000000000000000000000
9532	106	9	12500.	1600.	1	20000.	090814	2024	0000000000	0000000000	52	12500.	12500.	28000090000001	080850414C455445524F00000000000000000000000000000000000000000000000000000000000000000000000000000000
9533	106	3	20100.	930.	1	18693.	090814	2036	0000000000	0000000000	52	20100.	20100.	28000030000001	080D50554E544120444520414E43410000000000000000000000000000000000000000000000000000000000000000000000
9534	106	72	11200.	555.	1	6216.	090814	2042	0000000000	0000000000	52	11200.	11200.	28000720000001	0810504945524E412045434F4E4F4D4943410000000000000000000000000000000000000000000000000000000000000000
9535	106	73	12700.	865.	1	10986.	100814	0856	0000000000	0000000000	52	12700.	12700.	28000730000001	0811434F5354494C4C4120444520434552444F00000000000000000000000000000000000000000000000000000000000000
9536	106	73	12700.	865.	1	10986.	100814	0856	0000000000	0000000000	52	12700.	12700.	28000730000001	0811434F5354494C4C4120444520434552444F00000000000000000000000000000000000000000000000000000000000000
9537	106	71	12200.	510.	1	6222.	100814	0859	0000000000	0000000000	52	12200.	12200.	28000710000001	080F504945524E4120444520434552444F000000000000000000000000000000000000000000000000000000000000000000
9538	106	4	13900.	985.	1	13692.	100814	0902	0000000000	0000000000	52	13900.	13900.	28000040000001	08055441424C4100000000000000000000000000000000000000000000000000000000000000000000000000000000000000
9539	106	19	11600.	515.	1	5974.	100814	0906	0000000000	0000000000	52	11600.	11600.	28000190000001	080F5441424C4541444F2047525545534F000000000000000000000000000000000000000000000000000000000000000000
9540	106	18	10200.	520.	1	5304.	100814	0907	0000000000	0000000000	52	10200.	10200.	28000180000001	0813534F42524542415252494741204752554553410000000000000000000000000000000000000000000000000000000000
9541	106	24	8700.	1045.	1	9092.	100814	0911	0000000000	0000000000	52	8700.	8700.	28000240000001	08105441504120444520434F5354494C4C410000000000000000000000000000000000000000000000000000000000000000
9542	106	4	13900.	1525.	1	21198.	100814	0913	0000000000	0000000000	52	13900.	13900.	28000040000001	08055441424C4100000000000000000000000000000000000000000000000000000000000000000000000000000000000000
9543	106	74	10700.	995.	1	10647.	100814	0918	0000000000	0000000000	52	10700.	10700.	28000740000001	080C544F43494E4F204341524E45000000000000000000000000000000000000000000000000000000000000000000000000
9544	106	8	13900.	4220.	1	58658.	100814	0944	0000000000	0000000000	52	13900.	13900.	28000080000001	0811534F4C4F4D4F2045585452414E4A45524F00000000000000000000000000000000000000000000000000000000000000
9545	106	8	13900.	4225.	1	58728.	100814	0944	0000000000	0000000000	52	13900.	13900.	28000080000001	0811534F4C4F4D4F2045585452414E4A45524F00000000000000000000000000000000000000000000000000000000000000
9546	106	45	6900.	400.	1	2760.	100814	0959	0000000000	0000000000	52	6900.	6900.	28000450000001	0810434F5354494C4C4120444520524553200000000000000000000000000000000000000000000000000000000000000000
9547	106	17	11800.	750.	1	8850.	100814	1007	0000000000	0000000000	52	11800.	11800.	28000170000001	0814534F425245424152524947412044454C4741444100000000000000000000000000000000000000000000000000000000
9548	106	24	8700.	850.	1	7395.	100814	1007	0000000000	0000000000	52	8700.	8700.	28000240000001	08105441504120444520434F5354494C4C410000000000000000000000000000000000000000000000000000000000000000
9549	106	7	13900.	725.	1	10078.	100814	1028	0000000000	0000000000	52	13900.	13900.	28000070000001	080F485545564F20444520414C44414E41000000000000000000000000000000000000000000000000000000000000000000
9550	106	71	12200.	550.	1	6710.	100814	1030	0000000000	0000000000	52	12200.	12200.	28000710000001	080F504945524E4120444520434552444F000000000000000000000000000000000000000000000000000000000000000000
9551	106	71	12200.	495.	1	6039.	100814	1042	0000000000	0000000000	52	12200.	12200.	28000710000001	080F504945524E4120444520434552444F000000000000000000000000000000000000000000000000000000000000000000
9552	106	74	10700.	755.	1	8079.	100814	1050	0000000000	0000000000	52	10700.	10700.	28000740000001	080C544F43494E4F204341524E45000000000000000000000000000000000000000000000000000000000000000000000000
9553	106	45	6900.	475.	1	3278.	100814	1057	0000000000	0000000000	52	6900.	6900.	28000450000001	0810434F5354494C4C4120444520524553200000000000000000000000000000000000000000000000000000000000000000
9554	106	36	6800.	460.	1	3128.	100814	1057	0000000000	0000000000	52	6800.	6800.	28000360000001	0804434F4C410000000000000000000000000000000000000000000000000000000000000000000000000000000000000000
9555	106	5	13900.	525.	1	7298.	100814	1058	0000000000	0000000000	52	13900.	13900.	28000050000001	0805504F53544100000000000000000000000000000000000000000000000000000000000000000000000000000000000000
9556	106	5	13900.	515.	1	7159.	100814	1059	0000000000	0000000000	52	13900.	13900.	28000050000001	0805504F53544100000000000000000000000000000000000000000000000000000000000000000000000000000000000000
9557	106	5	13900.	590.	1	8201.	100814	1101	0000000000	0000000000	52	13900.	13900.	28000050000001	0805504F53544100000000000000000000000000000000000000000000000000000000000000000000000000000000000000
9558	106	71	12200.	455.	1	5551.	100814	1104	0000000000	0000000000	52	12200.	12200.	28000710000001	080F504945524E4120444520434552444F000000000000000000000000000000000000000000000000000000000000000000
9559	106	4	13900.	455.	1	6325.	100814	1106	0000000000	0000000000	52	13900.	13900.	28000040000001	08055441424C4100000000000000000000000000000000000000000000000000000000000000000000000000000000000000
9560	106	71	0	0	0	0	100814	1113	0000000000	0000000000	52	0	0	28000710000001	080F504945524E4120444520434552444F000000000000000000000000000000000000000000000000000000000000000000
9561	106	5	13900.	700.	1	9730.	100814	1133	0000000000	0000000000	52	13900.	13900.	28000050000001	0805504F53544100000000000000000000000000000000000000000000000000000000000000000000000000000000000000
9562	106	8	13900.	2575.	1	35793.	100814	1140	0000000000	0000000000	52	13900.	13900.	28000080000001	0811534F4C4F4D4F2045585452414E4A45524F00000000000000000000000000000000000000000000000000000000000000
9563	106	71	12200.	590.	1	7198.	100814	1147	0000000000	0000000000	52	12200.	12200.	28000710000001	080F504945524E4120444520434552444F000000000000000000000000000000000000000000000000000000000000000000
9564	106	73	12700.	660.	1	8382.	100814	1148	0000000000	0000000000	52	12700.	12700.	28000730000001	0811434F5354494C4C4120444520434552444F00000000000000000000000000000000000000000000000000000000000000
9565	106	4	13900.	1010.	1	14039.	100814	1152	0000000000	0000000000	52	13900.	13900.	28000040000001	08055441424C4100000000000000000000000000000000000000000000000000000000000000000000000000000000000000
9566	106	72	11200.	945.	1	10584.	100814	1154	0000000000	0000000000	52	11200.	11200.	28000720000001	0810504945524E412045434F4E4F4D4943410000000000000000000000000000000000000000000000000000000000000000
9567	106	15	10100.	1515.	1	15302.	100814	1212	0000000000	0000000000	52	10100.	10100.	28000150000001	08084D4F5252494C4C4F00000000000000000000000000000000000000000000000000000000000000000000000000000000
9568	106	36	6800.	1045.	1	7106.	100814	1216	0000000000	0000000000	52	6800.	6800.	28000360000001	0804434F4C410000000000000000000000000000000000000000000000000000000000000000000000000000000000000000
9569	106	86	5400.	2635.	1	14229.	100814	1218	0000000000	0000000000	52	5400.	5400.	28000860000001	070E5045524E494C205155414C49545900000000000000000000000000000000000000000000000000000000000000000000
9570	106	26	12500.	415.	1	5188.	100814	1222	0000000000	0000000000	52	12500.	12500.	28000260000001	081050554E544120455350414C44494C4C410000000000000000000000000000000000000000000000000000000000000000
9571	106	71	12200.	1160.	1	14152.	100814	1224	0000000000	0000000000	52	12200.	12200.	28000710000001	080F504945524E4120444520434552444F000000000000000000000000000000000000000000000000000000000000000000
9572	106	8	13900.	985.	1	13692.	100814	1241	0000000000	0000000000	52	13900.	13900.	28000080000001	0811534F4C4F4D4F2045585452414E4A45524F00000000000000000000000000000000000000000000000000000000000000
9573	106	71	12200.	1020.	1	12444.	100814	1242	0000000000	0000000000	52	12200.	12200.	28000710000001	080F504945524E4120444520434552444F000000000000000000000000000000000000000000000000000000000000000000
9574	106	18	10200.	750.	1	7650.	100814	1258	0000000000	0000000000	52	10200.	10200.	28000180000001	0813534F42524542415252494741204752554553410000000000000000000000000000000000000000000000000000000000
9575	106	71	12200.	1020.	1	12444.	100814	1302	0000000000	0000000000	52	12200.	12200.	28000710000001	080F504945524E4120444520434552444F000000000000000000000000000000000000000000000000000000000000000000
9576	106	15	10100.	515.	1	5202.	100814	1309	0000000000	0000000000	52	10100.	10100.	28000150000001	08084D4F5252494C4C4F00000000000000000000000000000000000000000000000000000000000000000000000000000000
9577	106	18	10200.	715.	1	7293.	100814	1321	0000000000	0000000000	52	10200.	10200.	28000180000001	0813534F42524542415252494741204752554553410000000000000000000000000000000000000000000000000000000000
